   161.896582210902     
   161.708429634618     
  0.238484150539034     
  0.164971370868822     
  0.183167226761027     
  0.160277310219186     
  9.615279763399501E-002
  0.106170310033304     
  0.117051094321877     
  5.634940172558649E-002
  3.702348569258111E-002
  0.123329416211139     
  9.067159504819348E-002
  0.173316737216115     
  0.157469427741864     
  0.156178156779493     
  7.036260751669277E-002
  7.183224017072598E-002
  4.395377229898351E-002
  6.468083919731156E-002
  8.337325257996203E-002
  9.328569293793722E-002
  7.469845559186862E-002
  3.271163337653062E-002
  0.100877444043531     
  9.691792961965635E-002
  0.172185936945898     
  0.111393296262908     
  0.198090078106796     
  0.188461607198773     
  0.126853106548718     
  8.574059346585523E-002
  5.271157627683932E-002
  6.238184151677379E-002
  0.116922692536564     
  9.594524014569365E-002
  0.173431123306892     
  0.123397419031755     
  2.236336799730834E-002
  0.103260100237927     
  5.721288854470060E-002
  4.997239399163920E-002
  9.924729242479999E-002
  6.363065057810494E-002
  0.106005347912532     
  0.103419336699794     
  6.779419998680729E-002
  8.124567759414759E-002
  3.959036654060149E-002
  4.404578847745610E-002
  0.104331220083490     
  5.754528017701895E-002
  0.132705969160241     
  0.199161442935381     
  0.139030794140562     
  4.020378342067649E-002
  9.348272048382153E-002
  0.138305177544950     
  8.115958275795047E-002
  3.624330479432170E-002
  0.102916440361761     
  7.604946250047452E-002
  7.890175017056533E-002
  7.602097835303166E-002
  6.543100910672908E-002
  0.111036988591740     
  0.104355773280374     
  0.107127639635353     
  0.186841146066504     
  0.192149586401932     
  7.285723435381751E-002
  9.582827892508090E-002
  0.131001024633604     
  5.239897828625014E-002
  5.338854533531098E-002
  9.662631274790363E-002
  9.551989814478640E-002
  0.124202241995124     
  0.127467449160342     
  5.137709495754725E-002
  0.103175945895936     
  0.351547627140703     
  0.351547627140703     
  8.805710755509336E-002
  0.141906346241835     
  0.137953056273811     
  9.167457607371921E-002
  0.114307602109515     
  8.923500200753873E-002
  9.075170565332426E-002
  0.115318922589470     
  0.138133396526622     
  0.157878336454765     
  7.532877713870080E-002
  8.157825426174656E-002
  9.651996941330293E-002
  0.117521538411965     
  9.705280659134620E-002
  5.766912622854787E-002
  6.402110702656387E-002
